NOME,PREÇO AÇÃO,VALOR,P/L,P/VP,LUCRO 12, DIVIDA B, DIVIDENDO,SETOR,TENDENCIA
WEGE3,35,03,147032000000,28,39,9,12,5179930000,2848570000,0,017,Indústria,ALTA
MGLU3,2,28,15387600000,-38,7,1,61,-397650000,7403320000,0,Comércio,BAIXA
RADL3,28,45,48877300000,45,28,8,54,1079360000,3104470000,0,009,Comércio,ALTA
ITUB4,31,64,310203000000,9,98,1,77,31090000000,0,0,04,Financeiro,ALTA
PETR4,34,08,444556000000,3,25,1,15,136904000000,305451000000,0,213,Extração,ALTA
GGBR4,22,7,39885400000,4,91,79,8131230000,11478100000,0,071,Indústria,ALTA
AMER3,0,91,821302000,-0,06,-0,03,-12911500000,22749500000,0,Comércio,BAIXA
BBDC4,16,25,172935000000,11,64,1,08,14855400000,0,0,062,Financeiro,LATERAL
VALE3,72,99,331302000000,6,97,1,74,47517000000,70289000000,0,083,Extração,LATERAL
